    31.43339 6.531E-28   31.442390     3     2       0.00048       0.00000   100
    41.89467 1.415E-26   62.878170     4     3       0.00065       0.00000   100
    41.89786 3.538E-27   62.876840     4     3       0.00064       0.00000   100
    52.34433 2.514E-26  104.780010     5     4       0.00082       0.00000   100
    52.35323 3.934E-27  104.774700     5     4       0.00082       0.00000   100
    52.36116 4.498E-27  104.776030     5     4       0.00080       0.00000   100
    62.77613 4.398E-26  157.138920     6     5       0.00100       0.00000   100
    62.77627 3.923E-26  157.137190     6     5       0.00100       0.00000   100
    62.79071 3.736E-27  157.124340     6     5       0.00098       0.00000   100
    62.79785 1.866E-26  157.138920     6     5       0.00098       0.00000   100
    62.81243 3.950E-27  157.124340     6     5       0.00097       0.00000   100
    62.81333 7.363E-27  157.127930     6     5       0.00096       0.00000   100
    73.18529 7.383E-26  219.941260     7     6       0.00119       0.00000   100
    73.18622 1.017E-25  219.936770     7     6       0.00118       0.00000   100
    73.20794 7.382E-27  219.915050     7     6       0.00117       0.00000   100
    73.20897 2.213E-25  219.945230     7     6       0.00117       0.00000   100
    73.22331 4.431E-26  219.941260     7     6       0.00116       0.00000   100
    73.24191 5.677E-27  219.936770     7     6       0.00113       0.00000   100
    73.25667 1.071E-26  219.913460     7     6       0.00112       0.00000   100
    73.26363 7.597E-27  219.915050     7     6       0.00112       0.00000   100
    83.56552 8.407E-26  293.170130     8     7       0.00139       0.00000   100
    83.56915 1.439E-25  293.164570     8     7       0.00138       0.00000   100
    83.57624 3.157E-25  293.154200     8     7       0.00138       0.00000   100
    83.60719 2.076E-25  293.178680     8     7       0.00135       0.00000   100
    83.64021 2.510E-26  293.164570     8     7       0.00132       0.00000   100
    83.65116 3.137E-26  293.170130     8     7       0.00132       0.00000   100
    83.70328 2.182E-26  293.122990     8     7       0.00126       0.00000   100
    93.91556 1.809E-25  376.804780     9     8       0.00159       0.00000   100
    93.93109 2.285E-25  376.785870     9     8       0.00158       0.00000   100
    93.97768 1.912E-25  376.821290     9     8       0.00154       0.00000   100
    93.97901 2.410E-25  376.826270     9     8       0.00154       0.00000   100
    94.02873 4.744E-26  376.826270     9     8       0.00150       0.00000   100
    94.06028 2.953E-26  376.804780     9     8       0.00147       0.00000   100
    94.14248 6.228E-26  376.730440     9     8       0.00140       0.00000   100
   104.22471 3.548E-25  470.830960    10     9       0.00183       0.00000   100
   104.24738 2.377E-25  470.805280    10     9       0.00180       0.00000   100
   104.25230 1.799E-25  470.798970    10     9       0.00180       0.00000   100
   104.31508 3.031E-25  470.855000    10     9       0.00176       0.00000   100
   104.31924 2.795E-25  470.865060    10     9       0.00174       0.00000   100
   104.35000 6.071E-25  470.872920    10     9       0.00172       0.00000   100
   104.39472 6.863E-26  470.865060    10     9       0.00167       0.00000   100
   114.52343 2.430E-25  575.184300    11    10       0.00201       0.00000   100
   114.53531 2.824E-25  575.170080    11    10       0.00200       0.00000   100
   114.61437 1.981E-25  575.271920    11    10       0.00194       0.00000   100
   114.61713 3.060E-25  575.259780    11    10       0.00195       0.00000   100
   114.63940 7.567E-25  575.222920    11    10       0.00192       0.00000   100
   114.67143 3.862E-25  575.285420    11    10       0.00190       0.00000   100
  1153.31042 2.113E-23  575.285420     9    10      -0.03619       0.00000   100
  1154.66651 3.285E-23  575.222920     9    10      -0.03629       0.00000   100
  1169.03920 1.079E-23  470.865060     8     9      -0.03437       0.00000   100
  1169.33558 4.905E-23  470.872920     8     9      -0.03430       0.00000   100
  1170.18299 1.448E-23  470.865060     8     9      -0.03423       0.00000   100
  1170.30949 1.840E-23  470.855000     8     9      -0.03435       0.00000   100
  1177.78622 8.985E-23  689.876910    10    11      -0.03188       0.00000   100
  1177.87085 1.674E-22  689.862320    10    11      -0.03236       0.00000   100
  1184.83679 1.358E-23  376.730440     7     8      -0.03222       0.00000   100
  1184.91454 5.531E-24  376.804780     7     8      -0.03212       0.00000   100
  1184.98560 3.959E-24  376.733720     7     8      -0.03218       0.00000   100
  1185.06934 1.131E-23  376.826270     7     8      -0.03215       0.00000   100
  1185.68929 8.165E-23  689.956850    10    11      -0.03072       0.00000   100
  1185.96195 2.028E-23  376.826270     7     8      -0.03183       0.00000   100
  1186.00235 3.634E-24  376.785870     7     8      -0.03186       0.00000   100
  1186.03753 1.877E-23  376.821290     7     8      -0.03191       0.00000   100
  1190.74557 1.104E-22  575.184300     9    10      -0.02749       0.00000   100
  1190.87622 1.375E-22  575.170080     9    10      -0.02771       0.00000   100
  1197.01866 3.408E-23  575.271920     9    10      -0.02684       0.00000   100
  1197.37049 5.288E-23  575.259780     9    10      -0.02650       0.00000   100
  1198.55812 2.967E-22  575.222920     9    10      -0.02588       0.00000   100
  1200.77726 2.726E-23  575.184300     9    10      -0.02598       0.00000   100
  1200.97571 6.556E-24  293.122990     6     7      -0.02951       0.00000   100
  1201.02586 8.803E-24  293.170130     6     7      -0.02958       0.00000   100
  1201.55774 6.632E-24  293.164570     6     7      -0.02980       0.00000   100
  1201.76932 3.272E-23  293.178680     6     7      -0.02928       0.00000   100
  1203.38563 2.149E-22  470.830960     8     9      -0.02400       0.00000   100
  1203.53554 1.184E-23  470.855000     8     9      -0.02360       0.00000   100
  1203.58526 1.493E-22  470.805280     8     9      -0.02365       0.00000   100
  1203.68724 1.219E-22  470.798970     8     9      -0.02372       0.00000   100
  1208.69760 3.424E-23  470.865060     8     9      -0.02291       0.00000   100
  1209.90452 8.926E-23  470.855000     8     9      -0.02221       0.00000   100
  1209.95424 6.243E-23  470.805280     8     9      -0.02226       0.00000   100
  1210.67231 2.006E-21  950.522430    12    13       0.05645       0.00000   100
  1211.32925 1.336E-21  950.505130    12    13       0.05685       0.00000   100
  1211.67338 2.008E-23  470.798970     8     9      -0.02197       0.00000   100
  1211.99576 2.001E-21  950.487440    12    13       0.05734       0.00000   100
  1212.02305 1.503E-23  470.865060     8     9      -0.02178       0.00000   100
  1212.16777 1.191E-23  470.720340     8     9      -0.02190       0.00000   100
  1215.94770 1.496E-22  376.804780     7     8      -0.02009       0.00000   100
  1216.01876 3.945E-24  376.733720     7     8      -0.02015       0.00000   100
  1216.19917 3.326E-21  950.385250    12    13       0.06067       0.00000   100
  1216.23950 2.136E-22  376.785870     7     8      -0.02021       0.00000   100
  1216.92823 2.818E-24  219.936770     5     6      -0.02647       0.00000   100
  1216.94995 3.471E-24  219.915050     5     6      -0.02649       0.00000   100
  1217.28705 4.441E-24  219.913460     5     6      -0.02645       0.00000   100
  1217.37956 1.806E-23  219.941260     5     6      -0.02669       0.00000   100
  1217.54855 5.936E-23  219.945230     5     6      -0.02620       0.00000   100
  1217.62614 2.010E-21  950.337020    12    13       0.06196       0.00000   100
  1218.62653 2.023E-21  950.304980    12    13       0.06331       0.00000   100
  1219.64832 6.054E-21  815.143780    11    12       0.05335       0.00000   100
  1220.19051 3.627E-21  815.131690    11    12       0.05415       0.00000   100
  1220.81007 3.369E-23  376.826270     7     8      -0.01878       0.00000   100
